$ANSIBLE_VAULT;1.1;AES256
30626635323432636633303832346463656335636665383439326265393464636565353135643332
3037363562653666623435636562376564393362316137650a306531343264643737373736303365
37653665383430643030303635316534633938326533373139363661643338373534366161343364
6362343061363836350a323430313665393333663861393766333231346631333439316561633462
65313434666238633632313330616434346262333638663562303865653835306164336631646562
37353833623435303937303038663363363835373365393232376561386564316437373330396431
30353163346661383630633832393832303230383232373362643864643335636635626536353965
34343661643364303135636135623437633839646537313761343261303161383538313762666632
32386663623635623131613537306231393063303166313633343530393137386433626461623936
62366462326238346266306266636164626631323164646138623033336338386230613730396235
37383234623363393238366531326362396561343932636362303666326133373539646531356364
33646632656464643531353038363938376534343364313231356237653935373738343361643636
37613763356134663939313839346562633663393432303832326238653863393965303438376231
30396530623163656531383130346134336466366234356331336439306639666538343864326663
32333033393137376230666464623664313237663738356262356339313365663565343531393466
35366266353635363262616433376535396437313766393835633065313430356235616462313535
62346636333635393933383830363838363933303535643364346364613635653638663536366632
66306163663266353938366261653631646634316638343563396662306138333434336564366366
65393034386439646436363961383866393234633665323233313537646134313265666232613830
62613737636336373734373732386532336163336664663434313964346465366166376134386134
34633337346237326164316664393033386535393139306230386263373066356166306630303466
39656563666438623661373466323564323266346430303136306533323062643763386461313866
34616364666335343933386535323938623663623738636563376262383939333233373639633036
63316165366632373634
